141
52
233
184
182
237
97
178
233
53
45
158
114
240
53
24
142
61
173
210
55
249
141
54
63
134
65
77
156
202
162
224
3
122
38
221
184
152
83
251
164
58
122
161
168
142
161
5
49
27
193
145
12
73
50
138
124
36
99
243
138
93
206
175
157
145
43
231
74
206
228
171
109
84
202
220
121
152
6
73
12
143
82
24
199
40
105
104
92
27
187
52
232
225
102
122
132
3
98
157
22
152
251
9
110
9
133
21
142
24
75
45
72
33
200
48
15
159
26
23
7
241
179
216
94
95
82
137
223
88
49
201
196
253
128
92
204
228
19
21
142
21
88
249
13
89
139
161
140
181
45
224
164
49
178
166
147
221
122
36
215
22
2
49
252
6
92
237
178
106
220
164
34
152
21
245
130
192
3
51
231
114
138
11
91
96
31
103
48
102
198
147
148
199
60
158
101
186
117
4
70
37
73
137
242
168
106
104
208
221
153
173
200
222
25
224
86
8
100
227
220
255
30
29
61
242
71
217
167
33
180
232
176
156
192
142
165
77
63
156
30
56
179
217
214
2
195
166
186
176
232
226
64
178
106
12
250
32
139
167
107
67
1
227
25
87
170
121
227
143
124
215
149
90
187
125
186
229
110
167
178
225
19
44
4
134
146
166
245
216
112
211
89
41
69
59
169
223
112
19
86
119
9
98
93
202
23
98
28
143
3
41
99
34
77
136
207
132
126
52
83
162
94
35
24
218
102
57
135
187
120
36
164
12
206
133
157
16
49
80
162
9
107
117
248
251
254
192
73
178
22
253
63
6
189
97
81
94
78
37
220
115
44
116
117
87
179
135
126
181
111
15
247
90
140
211
151
244
142
154
27
26
67
75
223
141
245
83
171
190
227
71
207
144
243
202
114
94
161
178
39
64
59
102
193
138
80
138
105
150
102
223
237
196
235
100
91
190
110
194
207
1
15
230
137
153
52
240
66
43
126
76
192
57
252
30
169
162
158
228
149
104
236
87
102
182
247
145
220
34
144
117
100
47
185
76
49
22
89
172
142
198
52
158
115
41
25
255
86
169
93
39
67
243
137
201
47
250
80
26
138
63
196
54
19
81
201
191
240
143
201
199
254
53
169
240
102
151
252
209
113
167
119
156
157
189
165
254
240
152
220
71
140
160
112
203
132
109
38
136
238
141
236
9
57
130
199
138
193
11
12
92
161
165
211
139
200
80
169
191
80
150
133
96
11
202
254
253
94
142
186
239
82
151
42
57
232
181
116
179
173
13
177
104
143
169
89
60
239
52
251
210
247
254
50
172
46
71
212
148
73
185
108
59
69
54
235
33
178
212
154
180
82
38
83
188
226
190
241
246
56
239
5
255
142
216
203
116
30
157
92
88
239
248
36
182
238
241
151
135
64
233
32
213
215
221
90
33
67
233
131
3
203
11
46
16
189
42
55
0
2
87
252
17
245
82
202
166
118
80
150
52
57
251
238
94
100
187
47
95
90
52
247
169
209
16
221
203
43
254
96
152
3
250
30
134
6
208
71
84
4
219
80
240
70
19
236
151
35
71
56
62
206
166
53
49
114
132
124
250
129
91
45
132
73
16
41
128
200
120
129
8
193
27
46
130
15
56
2
200
58
9
222
134
72
71
38
227
213
241
114
99
102
74
134
11
251
33
133
199
227
84
97
10
212
151
150
180
59
114
24
56
209
137
137
254
111
32
176
6
35
222
39
207
131
209
83
119
65
179
153
35
0
108
207
161
102
215
241
76
115
201
22
48
17
80
162
111
236
56
188
228
131
212
3
5
128
251
124
14
68
80
207
92
199
198
180
22
159
100
168
19
94
70
228
248
33
229
143
161
102
152
51
195
30
90
110
207
4
205
234
25
44
127
142
57
223
108
246
177
166
197
33
209
165
240
106
216
42
208
186
92
134
70
251
236
28
248
208
243
183
81
131
223
33
201
63
131
241
102
127
186
164
130
198
78
239
208
145
24
84
154
137
104
244
76
254
167
164
54
145
58
66
142
48
170
74
180
72
2
164
186
53
121
192
36
254
81
229
236
63
255
198
202
102
140
87
178
34
59
222
157
25
108
77
140
218
192
207
202
18
126
161
114
2
54
35
50
48
164
47
78
93
214
169
232
184
145
87
126
81
242
243
180
208
81
127
84
103
106
217
147
5
191
143
150
205
56
244
52
198
13
116
254
212
229
36
124
231
64
157
186
114
18
11
3
31
176
129
237
193
240
144
150
137
140
23
44
126
200
